Character	D. sexcinctus	D. bibronii	D. leopardinus	D. darwinii
SPL	0.56	0.72	0.65	0.3
INF	0.84	0.78	0.65	0.49
SNR	0.58	0.44	0.39	0.46
SSoSp	0.63	0.48	0.5	0.46
SNG	4.69	4.81	3.72	2.51
PSF	0.57	0.65	0.43	0.54
INPM	1.64	1.67	0.92	0.63
SEE	2.35	2.82	1.95	1.45
PMS	0.19	0.28	0.61	0
SAB	11.49	10.35	6.93	11.13
SMDL	13.76	14.53	8.36	14.26
SMDH	4.22	4.02	3.75	2.76
SVL	14.61	16.1	26.69	14.02
TL	13.32	18.35	24.39	14.87
MAX	3.84	4.42	7.28	3.32
HL	4.07	4.65	7.99	3.98
DEO	1.97	2.4	4.22	2.09
DEN	1.11	1.26	1.81	0.84
DPOEF	2.28	2.73	4.61	1.82
DIS	2.54	2.92	4.71	2.71
SGF	4.79	5.45	8.66	4.3
